Type;FSL-6;
Version;2.00 SP3;
Date;26.Aug 15;
Mode;ANALYZER;
Center Freq;2000000000.000000;Hz
Freq Offset;0.000000;Hz
Span;5000000.000000;Hz
x-Axis;LIN;
Start;1997500000.000000;Hz
Stop;2002500000.000000;Hz
Ref Level;0.000000;dBm
Level Offset;0.000000;dB
Ref Position;100.000000;%
y-Axis;LOG;
Level Range;100.000000;dB
Rf Att;20.000000;dB
RBW;100000.000000;Hz
VBW;300000.000000;Hz
SWT;0.002500;s
Trace Mode;VIEW;
Detector;MAXPEAK;
Sweep Count;0;
Trace 1:;;
x-Unit;Hz;
y-Unit;dBm;
Preamplifier;OFF;
Transducer;OFF;
Values;501;
1997500000;-62.611297607421875;
1997510000;-62.660198211669922;
1997520000;-63.968235015869141;
1997530000;-64.725212097167969;
1997540000;-64.132942199707031;
1997550000;-64.266143798828125;
1997560000;-65.799087524414063;
1997570000;-65.8284912109375;
1997580000;-65.346412658691406;
1997590000;-65.72857666015625;
1997600000;-65.415290832519531;
1997610000;-64.771408081054687;
1997620000;-65.209213256835937;
1997630000;-64.422508239746094;
1997640000;-62.916740417480469;
1997650000;-65.071624755859375;
1997660000;-64.7630615234375;
1997670000;-65.015159606933594;
1997680000;-64.997940063476563;
1997690000;-65.687583923339844;
1997700000;-64.215461730957031;
1997710000;-64.045791625976563;
1997720000;-62.0128173828125;
1997730000;-63.658306121826172;
1997740000;-63.77960205078125;
1997750000;-64.308784484863281;
1997760000;-65.300819396972656;
1997770000;-65.370513916015625;
1997780000;-65.081809997558594;
1997790000;-65.010848999023437;
1997800000;-64.964126586914062;
1997810000;-64.851348876953125;
1997820000;-65.037284851074219;
1997830000;-64.947052001953125;
1997840000;-64.737144470214844;
1997850000;-65.014411926269531;
1997860000;-64.570388793945313;
1997870000;-64.867607116699219;
1997880000;-65.597007751464844;
1997890000;-64.82879638671875;
1997900000;-64.917266845703125;
1997910000;-62.945777893066406;
1997920000;-62.786521911621094;
1997930000;-64.358207702636719;
1997940000;-64.306289672851562;
1997950000;-65.438735961914063;
1997960000;-65.055503845214844;
1997970000;-65.558013916015625;
1997980000;-64.145118713378906;
1997990000;-64.112770080566406;
1998000000;-63.938499450683594;
1998010000;-64.950592041015625;
1998020000;-64.841255187988281;
1998030000;-65.456672668457031;
1998040000;-65.141876220703125;
1998050000;-64.969146728515625;
1998060000;-64.954750061035156;
1998070000;-65.19427490234375;
1998080000;-64.069190979003906;
1998090000;-63.589637756347656;
1998100000;-63.141178131103516;
1998110000;-63.24810791015625;
1998120000;-63.696174621582031;
1998130000;-63.642471313476563;
1998140000;-63.815944671630859;
1998150000;-64.380203247070312;
1998160000;-64.015113830566406;
1998170000;-62.071552276611328;
1998180000;-63.093414306640625;
1998190000;-65.30462646484375;
1998200000;-64.657814025878906;
1998210000;-63.495407104492188;
1998220000;-64.557823181152344;
1998230000;-64.446922302246094;
1998240000;-64.881889343261719;
1998250000;-66.024497985839844;
1998260000;-66.228683471679687;
1998270000;-65.2919921875;
1998280000;-64.637443542480469;
1998290000;-64.661788940429688;
1998300000;-64.569564819335938;
1998310000;-63.837268829345703;
1998320000;-64.822860717773438;
1998330000;-63.739025115966797;
1998340000;-63.470340728759766;
1998350000;-64.612785339355469;
1998360000;-63.765155792236328;
1998370000;-62.926982879638672;
1998380000;-62.489913940429687;
1998390000;-62.155429840087891;
1998400000;-64.48614501953125;
1998410000;-62.447303771972656;
1998420000;-62.020221710205078;
1998430000;-62.679328918457031;
1998440000;-63.246242523193359;
1998450000;-64.332725524902344;
1998460000;-64.874824523925781;
1998470000;-64.988822937011719;
1998480000;-62.188583374023438;
1998490000;-62.289146423339844;
1998500000;-65.020034790039063;
1998510000;-64.418067932128906;
1998520000;-64.930816650390625;
1998530000;-64.148162841796875;
1998540000;-64.133079528808594;
1998550000;-64.594627380371094;
1998560000;-64.637321472167969;
1998570000;-63.097751617431641;
1998580000;-63.485252380371094;
1998590000;-64.292388916015625;
1998600000;-65.115226745605469;
1998610000;-64.646736145019531;
1998620000;-63.850776672363281;
1998630000;-64.490890502929688;
1998640000;-62.305519104003906;
1998650000;-62.404087066650391;
1998660000;-64.705131530761719;
1998670000;-64.269813537597656;
1998680000;-63.616714477539063;
1998690000;-64.395713806152344;
1998700000;-63.139438629150391;
1998710000;-63.075675964355469;
1998720000;-64.069725036621094;
1998730000;-64.371681213378906;
1998740000;-64.800125122070313;
1998750000;-65.463966369628906;
1998760000;-64.950912475585938;
1998770000;-64.502670288085938;
1998780000;-63.843227386474609;
1998790000;-64.595077514648438;
1998800000;-64.842170715332031;
1998810000;-64.059730529785156;
1998820000;-63.773036956787109;
1998830000;-64.174301147460938;
1998840000;-65.023185729980469;
1998850000;-64.986045837402344;
1998860000;-63.582881927490234;
1998870000;-64.116844177246094;
1998880000;-64.87200927734375;
1998890000;-63.817279815673828;
1998900000;-64.412605285644531;
1998910000;-64.009109497070312;
1998920000;-64.037155151367188;
1998930000;-62.681934356689453;
1998940000;-63.212581634521484;
1998950000;-63.214298248291016;
1998960000;-63.749752044677734;
1998970000;-63.581447601318359;
1998980000;-63.834453582763672;
1998990000;-64.616958618164063;
1999000000;-63.045352935791016;
1999010000;-64.039268493652344;
1999020000;-65.837234497070312;
1999030000;-64.932418823242188;
1999040000;-62.973300933837891;
1999050000;-63.023475646972656;
1999060000;-63.872955322265625;
1999070000;-63.902488708496094;
1999080000;-64.248672485351562;
1999090000;-64.238479614257813;
1999100000;-64.874671936035156;
1999110000;-63.555458068847656;
1999120000;-63.162776947021484;
1999130000;-62.554332733154297;
1999140000;-64.292312622070313;
1999150000;-63.088348388671875;
1999160000;-63.174381256103516;
1999170000;-64.628585815429688;
1999180000;-63.582515716552734;
1999190000;-64.458633422851563;
1999200000;-64.4263916015625;
1999210000;-64.112869262695312;
1999220000;-64.039161682128906;
1999230000;-62.448112487792969;
1999240000;-62.566162109375;
1999250000;-64.266166687011719;
1999260000;-63.315448760986328;
1999270000;-63.859893798828125;
1999280000;-63.934574127197266;
1999290000;-62.909595489501953;
1999300000;-63.003360748291016;
1999310000;-62.602622985839844;
1999320000;-62.333347320556641;
1999330000;-62.913078308105469;
1999340000;-63.853672027587891;
1999350000;-63.48370361328125;
1999360000;-64.003158569335938;
1999370000;-63.916191101074219;
1999380000;-63.323093414306641;
1999390000;-63.178871154785156;
1999400000;-62.5052490234375;
1999410000;-60.274024963378906;
1999420000;-61.251487731933594;
1999430000;-61.726230621337891;
1999440000;-63.689582824707031;
1999450000;-62.426979064941406;
1999460000;-61.397266387939453;
1999470000;-62.558551788330078;
1999480000;-62.9876708984375;
1999490000;-62.947357177734375;
1999500000;-62.832515716552734;
1999510000;-62.204566955566406;
1999520000;-62.362167358398438;
1999530000;-61.905467987060547;
1999540000;-62.214523315429688;
1999550000;-62.015625;
1999560000;-62.203472137451172;
1999570000;-61.798885345458984;
1999580000;-60.777530670166016;
1999590000;-58.599189758300781;
1999600000;-59.311141967773438;
1999610000;-57.522724151611328;
1999620000;-57.536148071289063;
1999630000;-57.292659759521484;
1999640000;-54.970554351806641;
1999650000;-54.636074066162109;
1999660000;-51.467575073242188;
1999670000;-46.538368225097656;
1999680000;-45.230670928955078;
1999690000;-43.352279663085937;
1999700000;-40.093021392822266;
1999710000;-36.389801025390625;
1999720000;-33.422607421875;
1999730000;-30.852624893188477;
1999740000;-29.20405387878418;
1999750000;-27.038835525512695;
1999760000;-25.602996826171875;
1999770000;-23.754207611083984;
1999780000;-23.279157638549805;
1999790000;-21.785429000854492;
1999800000;-20.641716003417969;
1999810000;-18.819911956787109;
1999820000;-16.9910888671875;
1999830000;-16.297649383544922;
1999840000;-15.793001174926758;
1999850000;-14.417570114135742;
1999860000;-14.393802642822266;
1999870000;-14.636752128601074;
1999880000;-14.037793159484863;
1999890000;-14.11135196685791;
1999900000;-13.741330146789551;
1999910000;-12.666037559509277;
1999920000;-12.398343086242676;
1999930000;-12.111016273498535;
1999940000;-11.891441345214844;
1999950000;-11.869514465332031;
1999960000;-12.059979438781738;
1999970000;-11.861542701721191;
1999980000;-11.411385536193848;
1999990000;-10.914475440979004;
2000000000;-10.648532867431641;
2000010000;-10.627750396728516;
2000020000;-10.969305992126465;
2000030000;-11.966866493225098;
2000040000;-12.41157054901123;
2000050000;-12.24705982208252;
2000060000;-12.132452964782715;
2000070000;-12.030839920043945;
2000080000;-12.415576934814453;
2000090000;-12.792566299438477;
2000100000;-13.738208770751953;
2000110000;-13.675444602966309;
2000120000;-13.918940544128418;
2000130000;-14.04924488067627;
2000140000;-14.98652458190918;
2000150000;-14.619361877441406;
2000160000;-14.623157501220703;
2000170000;-17.29045295715332;
2000180000;-17.452857971191406;
2000190000;-19.625608444213867;
2000200000;-19.184885025024414;
2000210000;-19.667573928833008;
2000220000;-23.581508636474609;
2000230000;-23.687448501586914;
2000240000;-25.28770637512207;
2000250000;-27.012636184692383;
2000260000;-28.219522476196289;
2000270000;-30.999271392822266;
2000280000;-33.224689483642578;
2000290000;-34.773204803466797;
2000300000;-37.667854309082031;
2000310000;-40.643669128417969;
2000320000;-42.778163909912109;
2000330000;-45.748146057128906;
2000340000;-50.107658386230469;
2000350000;-52.927440643310547;
2000360000;-55.949066162109375;
2000370000;-56.760002136230469;
2000380000;-57.548038482666016;
2000390000;-54.735401153564453;
2000400000;-56.444202423095703;
2000410000;-59.844005584716797;
2000420000;-58.421180725097656;
2000430000;-61.080001831054687;
2000440000;-61.124065399169922;
2000450000;-61.557224273681641;
2000460000;-61.075111389160156;
2000470000;-61.232944488525391;
2000480000;-61.101081848144531;
2000490000;-61.596736907958984;
2000500000;-62.945896148681641;
2000510000;-61.956275939941406;
2000520000;-62.31805419921875;
2000530000;-62.448280334472656;
2000540000;-61.790233612060547;
2000550000;-62.042560577392578;
2000560000;-62.768653869628906;
2000570000;-62.722640991210938;
2000580000;-63.290027618408203;
2000590000;-63.04840087890625;
2000600000;-64.392692565917969;
2000610000;-63.578891754150391;
2000620000;-62.795497894287109;
2000630000;-64.048942565917969;
2000640000;-63.385986328125;
2000650000;-63.551700592041016;
2000660000;-64.022506713867188;
2000670000;-61.177810668945313;
2000680000;-61.222309112548828;
2000690000;-64.25579833984375;
2000700000;-64.052291870117188;
2000710000;-64.232704162597656;
2000720000;-64.372909545898438;
2000730000;-64.23284912109375;
2000740000;-64.541053771972656;
2000750000;-62.737701416015625;
2000760000;-63.169872283935547;
2000770000;-63.354946136474609;
2000780000;-64.409614562988281;
2000790000;-64.701744079589844;
2000800000;-64.035354614257813;
2000810000;-64.562767028808594;
2000820000;-64.622825622558594;
2000830000;-62.35693359375;
2000840000;-62.381370544433594;
2000850000;-64.076805114746094;
2000860000;-64.931777954101562;
2000870000;-64.731971740722656;
2000880000;-63.914402008056641;
2000890000;-64.631309509277344;
2000900000;-64.202018737792969;
2000910000;-62.461315155029297;
2000920000;-62.829311370849609;
2000930000;-65.199317932128906;
2000940000;-63.065898895263672;
2000950000;-63.887676239013672;
2000960000;-62.545383453369141;
2000970000;-61.515426635742188;
2000980000;-65.123550415039063;
2000990000;-65.22723388671875;
2001000000;-64.987457275390625;
2001010000;-64.866386413574219;
2001020000;-62.001842498779297;
2001030000;-62.424026489257813;
2001040000;-65.48345947265625;
2001050000;-63.319423675537109;
2001060000;-61.952510833740234;
2001070000;-62.478691101074219;
2001080000;-63.675876617431641;
2001090000;-63.978885650634766;
2001100000;-63.973320007324219;
2001110000;-65.19207763671875;
2001120000;-64.283775329589844;
2001130000;-64.405220031738281;
2001140000;-65.221366882324219;
2001150000;-63.482185363769531;
2001160000;-63.384048461914063;
2001170000;-63.780323028564453;
2001180000;-66.069892883300781;
2001190000;-64.202400207519531;
2001200000;-63.590122222900391;
2001210000;-63.509868621826172;
2001220000;-64.30902099609375;
2001230000;-63.216018676757813;
2001240000;-63.158458709716797;
2001250000;-64.324935913085938;
2001260000;-63.845455169677734;
2001270000;-63.236820220947266;
2001280000;-64.159782409667969;
2001290000;-64.839073181152344;
2001300000;-64.713226318359375;
2001310000;-64.233741760253906;
2001320000;-64.218734741210937;
2001330000;-65.351081848144531;
2001340000;-64.155059814453125;
2001350000;-64.693138122558594;
2001360000;-63.486621856689453;
2001370000;-64.744781494140625;
2001380000;-64.993453979492188;
2001390000;-65.500778198242188;
2001400000;-65.064430236816406;
2001410000;-64.334632873535156;
2001420000;-64.304817199707031;
2001430000;-64.72418212890625;
2001440000;-64.462448120117188;
2001450000;-63.502449035644531;
2001460000;-64.520835876464844;
2001470000;-64.786781311035156;
2001480000;-64.2391357421875;
2001490000;-63.242073059082031;
2001500000;-63.870338439941406;
2001510000;-64.991874694824219;
2001520000;-65.591453552246094;
2001530000;-64.307586669921875;
2001540000;-64.420036315917969;
2001550000;-62.873439788818359;
2001560000;-62.891532897949219;
2001570000;-63.864490509033203;
2001580000;-63.612911224365234;
2001590000;-64.560096740722656;
2001600000;-64.196266174316406;
2001610000;-65.167434692382812;
2001620000;-64.642814636230469;
2001630000;-62.945854187011719;
2001640000;-61.661491394042969;
2001650000;-63.406307220458984;
2001660000;-63.933071136474609;
2001670000;-64.764663696289063;
2001680000;-63.706764221191406;
2001690000;-64.198844909667969;
2001700000;-64.33282470703125;
2001710000;-64.905540466308594;
2001720000;-64.581657409667969;
2001730000;-64.395118713378906;
2001740000;-64.267654418945313;
2001750000;-64.894058227539063;
2001760000;-64.939704895019531;
2001770000;-65.272315979003906;
2001780000;-63.907722473144531;
2001790000;-64.224075317382812;
2001800000;-64.5489501953125;
2001810000;-65.8687744140625;
2001820000;-65.010261535644531;
2001830000;-65.108528137207031;
2001840000;-64.503242492675781;
2001850000;-64.012283325195313;
2001860000;-62.474399566650391;
2001870000;-63.41754150390625;
2001880000;-64.047035217285156;
2001890000;-63.576606750488281;
2001900000;-63.243583679199219;
2001910000;-63.294601440429688;
2001920000;-65.001953125;
2001930000;-64.596076965332031;
2001940000;-64.182632446289063;
2001950000;-63.367965698242187;
2001960000;-62.648509979248047;
2001970000;-65.180610656738281;
2001980000;-64.613868713378906;
2001990000;-64.977264404296875;
2002000000;-65.467361450195312;
2002010000;-64.679763793945313;
2002020000;-64.864234924316406;
2002030000;-65.434478759765625;
2002040000;-65.928176879882812;
2002050000;-62.467475891113281;
2002060000;-62.215145111083984;
2002070000;-64.352806091308594;
2002080000;-63.883628845214844;
2002090000;-65.391944885253906;
2002100000;-65.208335876464844;
2002110000;-65.315925598144531;
2002120000;-63.840507507324219;
2002130000;-63.852062225341797;
2002140000;-64.952140808105469;
2002150000;-64.635215759277344;
2002160000;-65.041175842285156;
2002170000;-65.076759338378906;
2002180000;-65.152023315429687;
2002190000;-63.580585479736328;
2002200000;-64.134773254394531;
2002210000;-64.202156066894531;
2002220000;-64.517417907714844;
2002230000;-62.662979125976563;
2002240000;-62.355381011962891;
2002250000;-64.085395812988281;
2002260000;-63.548973083496094;
2002270000;-63.180290222167969;
2002280000;-63.818195343017578;
2002290000;-63.753101348876953;
2002300000;-65.522300720214844;
2002310000;-64.900428771972656;
2002320000;-65.165138244628906;
2002330000;-63.951984405517578;
2002340000;-64.852684020996094;
2002350000;-64.526969909667969;
2002360000;-65.650245666503906;
2002370000;-64.347984313964844;
2002380000;-64.453910827636719;
2002390000;-63.667816162109375;
2002400000;-64.609260559082031;
2002410000;-65.0447998046875;
2002420000;-62.43634033203125;
2002430000;-62.431655883789063;
2002440000;-64.2298583984375;
2002450000;-64.680206298828125;
2002460000;-66.568428039550781;
2002470000;-63.987857818603516;
2002480000;-63.329723358154297;
2002490000;-62.556385040283203;
2002500000;-63.004119873046875;
